0.000000000000000000e+00 1.733500099999999975e+02 inf
1.543000000000000000e+15 2.121854899999999873e+02 2.941270022529549792e-08
3.086000000000000000e+15 2.313920400000000086e+02 2.079791978231354138e-08
4.629000000000000000e+15 2.361314700000000073e+02 1.698143039266812239e-08
6.172000000000000000e+15 2.362951400000000035e+02 1.470635011264774896e-08
7.715000000000000000e+15 2.345860600000000034e+02 1.315375942111682347e-08
9.258000000000000000e+15 2.315301800000000014e+02 1.200768458490296561e-08
1.080100000000000000e+16 2.274638799999999890e+02 1.111695574043219162e-08
1.234400000000000000e+16 2.232337799999999959e+02 1.039895989115677069e-08
1.388700000000000000e+16 2.191582600000000127e+02 9.804233408431832087e-09
1.543000000000000000e+16 2.146003300000000138e+02 9.301112484768141849e-09
1.697300000000000200e+16 2.092814300000000003e+02 8.868262792591535311e-09
1.851600000000000000e+16 2.039521599999999921e+02 8.490715196334061194e-09
2.005900000000000000e+16 1.994751300000000072e+02 8.157615293242626696e-09
2.160200000000000000e+16 1.959689899999999909e+02 7.860874790210318947e-09
2.314500000000000000e+16 1.931942400000000077e+02 7.594326542637373637e-09
2.468800000000000000e+16 1.910166199999999890e+02 7.353175056323874479e-09
2.623100000000000000e+16 1.892074000000000069e+02 7.133627633148334915e-09
2.777400000000000000e+16 1.875791299999999922e+02 6.932639927437847403e-09
2.931700000000000000e+16 1.861461799999999869e+02 6.747736207301003523e-09
3.086000000000000000e+16 1.849617299999999886e+02 6.576879710558411733e-09
3.240300000000000000e+16 1.840371700000000033e+02 6.418377389307680923e-09
3.394600000000000400e+16 1.832872500000000002e+02 6.270808757985823933e-09
3.548899999999999600e+16 1.827133000000000038e+02 6.132971953313881958e-09
3.703200000000000000e+16 1.823502799999999979e+02 6.003842292451482804e-09
3.857500000000000000e+16 1.820535399999999981e+02 5.882540045059099914e-09
4.011800000000000000e+16 1.816804999999999950e+02 5.768305092162947181e-09
4.166100000000000000e+16 1.812204399999999964e+02 5.660476797556040796e-09
4.320400000000000000e+16 1.807515300000000025e+02 5.558477870216095810e-09
4.474700000000000000e+16 1.804460799999999949e+02 5.461801315036497343e-09
4.629000000000000000e+16 1.801707499999999982e+02 5.369999796843875213e-09
4.783300000000000000e+16 1.799507299999999930e+02 5.282676907387188206e-09
4.937600000000000000e+16 1.798028600000000097e+02 5.199479945578385345e-09
5.091900000000000000e+16 1.797336300000000051e+02 5.120093910547065506e-09
5.246200000000000000e+16 1.797385299999999972e+02 5.044236473858929221e-09
5.400500000000000000e+16 1.798023799999999994e+02 4.971653747692577455e-09
5.554800000000000000e+16 1.799020700000000090e+02 4.902116704215916044e-09
5.709100000000000000e+16 1.800120499999999879e+02 4.835418130954633822e-09
5.863400000000000000e+16 1.801113100000000031e+02 4.771370029840534638e-09
6.017700000000000000e+16 1.801881099999999947e+02 4.709801385499038350e-09
6.172000000000000000e+16 1.802406200000000069e+02 4.650556242384070924e-09
6.326299999999999200e+16 1.802744099999999889e+02 4.593492041486249189e-09
6.480600000000000000e+16 1.802996100000000013e+02 4.538478176193871085e-09
6.634900000000000000e+16 1.803291199999999890e+02 4.485394733979042875e-09
6.789200000000000800e+16 1.803770900000000097e+02 4.434131396295767656e-09
6.943500000000000000e+16 1.804553699999999878e+02 4.384586473705607270e-09
7.097799999999999200e+16 1.805681299999999965e+02 4.336666057015152160e-09
7.252100000000000000e+16 1.807085899999999867e+02 4.290283268292849435e-09
7.406400000000000000e+16 1.808618800000000135e+02 4.245357598167030597e-09
7.560700000000000000e+16 1.810136699999999905e+02 4.201814317899356845e-09
7.715000000000000000e+16 1.811587100000000135e+02 4.159583956462707780e-09
7.869300000000000000e+16 1.813019099999999924e+02 4.118601834296743689e-09
8.023600000000000000e+16 1.814516800000000103e+02 4.078807646621313348e-09
8.177900000000000000e+16 1.816121699999999919e+02 4.040145090200321843e-09
8.332200000000000000e+16 1.817819100000000105e+02 4.002561528300988260e-09
8.486500000000000000e+16 1.819596400000000074e+02 3.966007689313358909e-09
8.640800000000000000e+16 1.821514699999999891e+02 3.930437395105159473e-09
8.795100000000000000e+16 1.823726499999999930e+02 3.895807315705819304e-09
8.949400000000000000e+16 1.826428500000000099e+02 3.862076747355909483e-09
9.103700000000000000e+16 1.829794899999999984e+02 3.829207411336653245e-09
9.258000000000000000e+16 1.833934900000000141e+02 3.797163271318686819e-09
9.412300000000000000e+16 1.838895300000000077e+02 3.765910367248422228e-09
9.566600000000000000e+16 1.844696800000000110e+02 3.735416664031059906e-09
9.720900000000000000e+16 1.851376500000000078e+02 3.705651913477397344e-09
9.875200000000000000e+16 1.858997999999999990e+02 3.676587528161937239e-09
1.002950000000000000e+17 1.867612000000000023e+02 3.648196465996478992e-09
1.018380000000000000e+17 1.877183200000000056e+02 3.620453124459778689e-09
1.033810000000000000e+17 1.887545200000000136e+02 3.593333243542924575e-09
1.049240000000000000e+17 1.898436399999999935e+02 3.566813816574167457e-09
1.064670000000000000e+17 1.909612999999999943e+02 3.540873008178194220e-09
1.080100000000000000e+17 1.920956299999999999e+02 3.515490078704934363e-09
1.095530000000000000e+17 1.932500000000000000e+02 3.490645314533491282e-09
1.110960000000000000e+17 1.944362000000000137e+02 3.466319963718923701e-09
1.126390000000000000e+17 1.956632099999999923e+02 3.442496176504472866e-09
1.141820000000000000e+17 1.969282200000000103e+02 3.419156950270403138e-09
1.157250000000000000e+17 1.982132400000000132e+02 3.396286078533624229e-09
1.172680000000000000e+17 1.994875600000000020e+02 3.373868103650501762e-09
1.188110000000000000e+17 2.007145800000000122e+02 3.351888272909197977e-09
1.203540000000000000e+17 2.018598599999999976e+02 3.330332497728167046e-09
1.218970000000000000e+17 2.028971600000000137e+02 3.309187315704410008e-09
1.234400000000000000e+17 2.038103000000000122e+02 3.288439855279205866e-09
1.249830000000000000e+17 2.045919800000000066e+02 3.268077802810611109e-09
1.265259999999999840e+17 2.052412300000000016e+02 3.248089371861364812e-09
1.280690000000000160e+17 2.057613100000000088e+02 3.228463274528158855e-09
1.296120000000000000e+17 2.061583699999999908e+02 3.209188694653840461e-09
1.311550000000000000e+17 2.064404000000000110e+02 3.190255262778121741e-09
1.326980000000000000e+17 2.066163300000000049e+02 3.171653032695011466e-09
1.342409999999999840e+17 2.066962399999999889e+02 3.153372459496573782e-09
1.357840000000000160e+17 2.066930399999999963e+02 3.135404378992911966e-09
1.373270000000000000e+17 2.066253399999999942e+02 3.117739988407581561e-09
1.388700000000000000e+17 2.065186300000000017e+02 3.100370828256047145e-09
1.404130000000000000e+17 2.064027900000000102e+02 3.083288765322462081e-09
1.419559999999999840e+17 2.063058499999999924e+02 3.066485976656940979e-09
1.434990000000000160e+17 2.062480899999999906e+02 3.049954934521812637e-09
1.450420000000000000e+17 2.062395199999999988e+02 3.033688392221057864e-09
1.465850000000000000e+17 2.062819399999999916e+02 3.017679370752331677e-09
1.481280000000000000e+17 2.063727299999999900e+02 3.001921146225741402e-09
1.496710000000000000e+17 2.065078399999999874e+02 2.986407237997851863e-09
1.512140000000000000e+17 2.066829500000000053e+02 2.971131397473363054e-09
1.527570000000000000e+17 2.068944999999999936e+02 2.956087597530512184e-09
1.543000000000000000e+17 2.071416800000000080e+02 2.941270022529549957e-09
1.558430000000000000e+17 2.074287300000000016e+02 2.926673058866674642e-09
1.573860000000000000e+17 2.077652300000000025e+02 2.912291286038581008e-09
1.589290000000000000e+17 2.081633500000000083e+02 2.898119468185315284e-09
1.604720000000000000e+17 2.086326099999999997e+02 2.884152546081473590e-09
1.620150000000000000e+17 2.091756699999999967e+02 2.870385629547921211e-09
1.635580000000000000e+17 2.097868200000000058e+02 2.856813990258183720e-09
1.651010000000000000e+17 2.104536099999999976e+02 2.843433054915477066e-09
1.666440000000000000e+17 2.111610300000000109e+02 2.830238398778020398e-09
1.681870000000000000e+17 2.118957499999999925e+02 2.817225739511811079e-09
1.697300000000000000e+17 2.126492200000000139e+02 2.804390931351466170e-09
1.712730000000000000e+17 2.134173399999999958e+02 2.791729959551054819e-09
1.728160000000000000e+17 2.141981000000000108e+02 2.779238935108047905e-09
1.743590000000000000e+17 2.149904600000000130e+02 2.766914089744640797e-09
1.759020000000000000e+17 2.157967800000000125e+02 2.754751771131745671e-09
1.774450000000000000e+17 2.166271399999999971e+02 2.742748438341901101e-09
1.789880000000000000e+17 2.175001800000000003e+02 2.730900657518248672e-09
1.805310000000000000e+17 2.184368100000000084e+02 2.719205097747542370e-09
1.820740000000000000e+17 2.194496300000000133e+02 2.707658527125933253e-09
1.836170000000000000e+17 2.205349300000000028e+02 2.696257809006971244e-09
1.851600000000000000e+17 2.216728999999999985e+02 2.684999898421937606e-09
1.867030000000000000e+17 2.228346099999999979e+02 2.673881838663227121e-09
1.882460000000000000e+17 2.239913500000000113e+02 2.662900758022080927e-09
1.897890000000000000e+17 2.251215100000000007e+02 2.652053866672489208e-09
1.913320000000000000e+17 2.262129799999999875e+02 2.641338453693594103e-09
1.928750000000000000e+17 2.272605100000000107e+02 2.630751884223364528e-09
1.944180000000000000e+17 2.282595100000000059e+02 2.620291596736772844e-09
1.959610000000000000e+17 2.292003200000000049e+02 2.609955100442075554e-09
1.975040000000000000e+17 2.300671499999999980e+02 2.599739972789192673e-09
1.990470000000000000e+17 2.308426399999999887e+02 2.589643857084529959e-09
2.005900000000000000e+17 2.315146900000000016e+02 2.579664460206908247e-09
2.021330000000000000e+17 2.320813100000000020e+02 2.569799550419570221e-09
2.036760000000000000e+17 2.325508000000000095e+02 2.560046955273532753e-09
2.052190000000000000e+17 2.329380600000000072e+02 2.550404559597805604e-09
2.067620000000000000e+17 2.332592300000000023e+02 2.540870303572253743e-09
2.083050000000000000e+17 2.335263099999999952e+02 2.531442180879124546e-09
2.098480000000000000e+17 2.337439599999999871e+02 2.522118236929464611e-09
2.113910000000000000e+17 2.339092300000000080e+02 2.512896567160870982e-09
2.129340000000000000e+17 2.340143300000000011e+02 2.503775315403210976e-09
2.144770000000000000e+17 2.340515699999999981e+02 2.494752672309122653e-09
2.160200000000000000e+17 2.340187799999999925e+02 2.485826873846288728e-09
2.175630000000000000e+17 2.339231399999999894e+02 2.476996199848623938e-09
2.191060000000000000e+17 2.337806099999999958e+02 2.468258972623680911e-09
2.206490000000000000e+17 2.336107599999999991e+02 2.459613555613711936e-09
2.221920000000000000e+17 2.334292299999999898e+02 2.451058352107958022e-09
2.237350000000000000e+17 2.332429400000000044e+02 2.442591804003870245e-09
2.252780000000000000e+17 2.330504799999999932e+02 2.434212390615075074e-09
2.268210000000000000e+17 2.328464400000000012e+02 2.425918627524017366e-09
2.283640000000000000e+17 2.326263299999999958e+02 2.417709065477316911e-09
2.299070000000000000e+17 2.323889499999999941e+02 2.409582289321964532e-09
2.314500000000000000e+17 2.321365499999999997e+02 2.401536916980592956e-09
2.329930000000000000e+17 2.318732300000000066e+02 2.393571598464135841e-09
2.345360000000000000e+17 2.316029399999999896e+02 2.385685014920267319e-09
2.360790000000000000e+17 2.313281399999999906e+02 2.377875877716111638e-09
2.376220000000000000e+17 2.310494799999999884e+02 2.370142927553758787e-09
2.391650000000000000e+17 2.307667500000000018e+02 2.362484933617222493e-09
2.407080000000000000e+17 2.304799700000000087e+02 2.354900692749519175e-09
2.422510000000000000e+17 2.301901599999999917e+02 2.347389028658621293e-09
2.437940000000000000e+17 2.298994399999999985e+02 2.339948791151096845e-09
2.453370000000000000e+17 2.296103500000000111e+02 2.332578855392300942e-09
2.468800000000000000e+17 2.293252300000000048e+02 2.325278121192035462e-09
2.484230000000000320e+17 2.290455300000000136e+02 2.318045512314652285e-09
2.499660000000000000e+17 2.287716800000000035e+02 2.310879975812615801e-09
2.515090000000000000e+17 2.285030399999999986e+02 2.303780481382584570e-09
2.530519999999999680e+17 2.282381100000000060e+02 2.296746020743124594e-09
2.545950000000000000e+17 2.279745200000000125e+02 2.289775607033193497e-09
2.561380000000000320e+17 2.277088500000000124e+02 2.282868274230587474e-09
2.576810000000000000e+17 2.274368000000000052e+02 2.276023076589569732e-09
2.592240000000000000e+17 2.271543299999999874e+02 2.269239088096935542e-09
2.607669999999999680e+17 2.268589299999999866e+02 2.262515401945807500e-09
2.623100000000000000e+17 2.265501399999999990e+02 2.255851130026481039e-09
2.638530000000000320e+17 2.262274500000000046e+02 2.249245402433667979e-09
2.653960000000000000e+17 2.258872800000000041e+02 2.242697366989521437e-09
2.669390000000000000e+17 2.255215800000000002e+02 2.236206188781846122e-09
2.684819999999999680e+17 2.251206099999999992e+02 2.229771049716929042e-09
2.700250000000000000e+17 2.246795500000000061e+02 2.223391148086438489e-09
2.715680000000000320e+17 2.242037400000000105e+02 2.217065698147883828e-09
2.731110000000000000e+17 2.237092000000000098e+02 2.210793929718126941e-09
2.746540000000000000e+17 2.232173799999999915e+02 2.204575087779468902e-09
2.761969999999999680e+17 2.227472699999999861e+02 2.198408432097862689e-09
2.777400000000000000e+17 2.223086999999999875e+02 2.192293236852803635e-09
2.792830000000000320e+17 2.218990000000000009e+02 2.186228790278485237e-09
2.808260000000000000e+17 2.215051100000000019e+02 2.180214394315810477e-09
2.823690000000000000e+17 2.211100800000000106e+02 2.174249364274878976e-09
2.839119999999999680e+17 2.207003799999999956e+02 2.168333028507576080e-09
2.854550000000000000e+17 2.202689100000000053e+02 2.162464728089908210e-09
2.869980000000000320e+17 2.198122899999999902e+02 2.156643816513746151e-09
2.885410000000000000e+17 2.193268099999999947e+02 2.150869659387644161e-09
2.900840000000000000e+17 2.188100900000000024e+02 2.145141634146424718e-09
2.916270000000000000e+17 2.182689399999999864e+02 2.139459129769226974e-09
2.931700000000000000e+17 2.177266999999999939e+02 2.133821546505727349e-09
2.947130000000000000e+17 2.172196999999999889e+02 2.128228295610251003e-09
2.962560000000000000e+17 2.167816200000000038e+02 2.122678799083515298e-09
2.977990000000000000e+17 2.164270300000000020e+02 2.117172489421737646e-09
2.993420000000000000e+17 2.161470300000000009e+02 2.111708809372868690e-09
3.008850000000000000e+17 2.159202600000000132e+02 2.106287211699708458e-09
3.024280000000000000e+17 2.157287800000000004e+02 2.100907158949678423e-09
3.039710000000000000e+17 2.155663499999999999e+02 2.095568123231029442e-09
3.055140000000000000e+17 2.154353000000000122e+02 2.090269585995274644e-09
3.070570000000000000e+17 2.153385499999999979e+02 2.085011037825642540e-09
3.086000000000000000e+17 2.152742599999999982e+02 2.079791978231353890e-09
3.101430000000000000e+17 2.152360099999999932e+02 2.074611915447538300e-09
3.116860000000000000e+17 2.152155300000000011e+02 2.069470366240601514e-09
3.132290000000000000e+17 2.152051700000000096e+02 2.064366855718873850e-09
3.147720000000000000e+17 2.151983799999999860e+02 2.059300917148371845e-09
3.163150000000000000e+17 2.151886100000000113e+02 2.054272091773507684e-09
3.178580000000000000e+17 2.151679699999999968e+02 2.049279928642587183e-09
3.194010000000000000e+17 2.151273500000000070e+02 2.044323984437960653e-09
3.209440000000000000e+17 2.150592000000000041e+02 2.039403823310656674e-09
3.224870000000000000e+17 2.149621999999999957e+02 2.034519016719385043e-09
3.240300000000000000e+17 2.148444399999999916e+02 2.029669143273752539e-09
3.255730000000000000e+17 2.147217300000000080e+02 2.024853788581576557e-09
3.271160000000000000e+17 2.146112099999999998e+02 2.020072545100160921e-09
3.286590000000000000e+17 2.145239400000000103e+02 2.015325011991417276e-09
3.302020000000000000e+17 2.144610399999999970e+02 2.010610794980714566e-09
3.317450000000000000e+17 2.144144400000000132e+02 2.005929506219344963e-09
3.332880000000000000e+17 2.143699599999999919e+02 2.001280764150494130e-09
3.348310000000000000e+17 2.143104199999999935e+02 1.996664193378612865e-09
3.363740000000000000e+17 2.142180899999999895e+02 1.992079424542087530e-09
3.379170000000000000e+17 2.140785999999999945e+02 1.987526094189114987e-09
3.394600000000000000e+17 2.138865999999999872e+02 1.983003844656679455e-09
3.410030000000000000e+17 2.136506300000000067e+02 1.978512323952548989e-09
3.425460000000000000e+17 2.133922300000000121e+02 1.974051185640196877e-09
3.440890000000000000e+17 2.131369500000000130e+02 1.969620088726563983e-09
3.456320000000000000e+17 2.129021600000000092e+02 1.965218697552579737e-09
3.471750000000000000e+17 2.126898199999999974e+02 1.960846681686366500e-09
3.487180000000000000e+17 2.124892000000000110e+02 1.956503715819039213e-09
3.502610000000000000e+17 2.122861499999999921e+02 1.952189479663037035e-09
3.518040000000000000e+17 2.120715899999999863e+02 1.947903657852909652e-09
3.533470000000000000e+17 2.118443499999999915e+02 1.943645939848487511e-09
3.548900000000000000e+17 2.116091499999999996e+02 1.939416019840371887e-09
3.564330000000000000e+17 2.113734000000000037e+02 1.935213596657675291e-09
3.579760000000000000e+17 2.111445500000000095e+02 1.931038373677954741e-09
3.595190000000000000e+17 2.109285000000000139e+02 1.926890058739270878e-09
3.610620000000000000e+17 2.107281199999999899e+02 1.922768364054315865e-09
3.626050000000000000e+17 2.105420399999999859e+02 1.918673006126555887e-09
3.641480000000000000e+17 2.103649599999999964e+02 1.914603705668326623e-09
3.656910000000000000e+17 2.101905099999999891e+02 1.910560187520836188e-09
3.672340000000000000e+17 2.100151400000000024e+02 1.906542180576012707e-09
3.687770000000000000e+17 2.098402700000000038e+02 1.902549417700156358e-09
3.703200000000000000e+17 2.096702300000000037e+02 1.898581635659343409e-09
3.718630000000000000e+17 2.095075999999999965e+02 1.894638575046530507e-09
3.734060000000000000e+17 2.093510400000000118e+02 1.890719980210322019e-09
3.749490000000000000e+17 2.091982600000000048e+02 1.886825599185347070e-09
3.764920000000000000e+17 2.090522599999999898e+02 1.882955183624211114e-09
3.780350000000000000e+17 2.089253999999999962e+02 1.879108488730974899e-09
3.795780000000000000e+17 2.088374200000000087e+02 1.875285273196121110e-09
3.811210000000000000e+17 2.088087600000000066e+02 1.871485299132975201e-09
3.826640000000000000e+17 2.088532899999999870e+02 1.867708332015529953e-09
3.842070000000000000e+17 2.089734599999999887e+02 1.863954140617653071e-09
3.857500000000000000e+17 2.091601599999999905e+02 1.860222496953628204e-09
3.872930000000000000e+17 2.093965599999999938e+02 1.856513176220001253e-09
3.888360000000000000e+17 2.096648900000000140e+02 1.852825956738698672e-09
3.903790000000000000e+17 2.099525899999999865e+02 1.849160619901381794e-09
3.919220000000000000e+17 2.102554599999999994e+02 1.845516950115008413e-09
3.934650000000000000e+17 2.105765100000000132e+02 1.841894734748568977e-09
3.950080000000000000e+17 2.109222300000000132e+02 1.838293764080968620e-09
3.965510000000000000e+17 2.112983600000000024e+02 1.834713831250025484e-09
3.980940000000000000e+17 2.117064200000000085e+02 1.831154732202557813e-09
3.996370000000000000e+17 2.121425500000000000e+02 1.827616265645530665e-09
4.011800000000000000e+17 2.125983999999999980e+02 1.824098232998239496e-09
4.027230000000000000e+17 2.130634799999999984e+02 1.820600438345498976e-09
4.042660000000000000e+17 2.135271500000000060e+02 1.817122688391819252e-09
4.058090000000000000e+17 2.139794300000000078e+02 1.813664792416537599e-09
4.073520000000000000e+17 2.144110900000000015e+02 1.810226562229889344e-09
4.088950000000000000e+17 2.148138399999999990e+02 1.806807812129988065e-09
4.104380000000000000e+17 2.151816399999999874e+02 1.803408358860698721e-09
4.119810000000000000e+17 2.155115999999999872e+02 1.800028021570377895e-09
4.135240000000000000e+17 2.158034700000000043e+02 1.796666621771462288e-09
4.150670000000000000e+17 2.160568199999999877e+02 1.793323983300883584e-09
4.166100000000000000e+17 2.162672699999999963e+02 1.789999932281291669e-09
4.181530000000000000e+17 2.164242600000000039e+02 1.786694297083063670e-09
4.196960000000000000e+17 2.165116700000000094e+02 1.783406908287083729e-09
4.212390000000000000e+17 2.165119899999999973e+02 1.780137598648272394e-09
4.227820000000000000e+17 2.164126699999999914e+02 1.776886203059848290e-09
4.243250000000000000e+17 2.162126800000000060e+02 1.773652558518307352e-09
4.258680000000000000e+17 2.159256100000000060e+02 1.770436504089097110e-09
4.274110000000000000e+17 2.155771300000000110e+02 1.767237880872977112e-09
4.289540000000000000e+17 2.151967500000000086e+02 1.764056531973041714e-09
4.304970000000000000e+17 2.148079799999999864e+02 1.760892302462395931e-09
4.320400000000000000e+17 2.144213900000000024e+02 1.757745039352467182e-09
4.335830000000000000e+17 2.140329600000000028e+02 1.754614591561935143e-09
4.351260000000000000e+17 2.136280199999999923e+02 1.751500809886270617e-09
4.366690000000000000e+17 2.131895000000000095e+02 1.748403546967866248e-09
4.382120000000000000e+17 2.127064699999999959e+02 1.745322657266745641e-09
4.397550000000000000e+17 2.121783800000000042e+02 1.742257997031839102e-09
4.412980000000000000e+17 2.116127799999999866e+02 1.739209424272811107e-09
4.428410000000000000e+17 2.110190000000000055e+02 1.736176798732429369e-09
4.443840000000000000e+17 2.104030500000000075e+02 1.733159981859461851e-09
4.459270000000000000e+17 2.097672900000000027e+02 1.730158836782088076e-09
4.474700000000000000e+17 2.091132000000000062e+02 1.727173228281818956e-09
4.490130000000000000e+17 2.084447299999999927e+02 1.724203022767906506e-09
4.505560000000000000e+17 2.077692299999999932e+02 1.721248088252236433e-09
4.520990000000000000e+17 2.070962700000000041e+02 1.718308294324695320e-09
4.536420000000000000e+17 2.064351699999999994e+02 1.715383512128995028e-09
4.551850000000000000e+17 2.057923600000000022e+02 1.712473614338951227e-09
4.567280000000000000e+17 2.051701999999999941e+02 1.709578475135201569e-09
4.582710000000000000e+17 2.045674099999999953e+02 1.706697970182355238e-09
4.598140000000000000e+17 2.039812799999999982e+02 1.703831976606566634e-09
4.613570000000000000e+17 2.034107099999999946e+02 1.700980372973518516e-09
4.629000000000000000e+17 2.028587799999999959e+02 1.698143039266812115e-09
4.644430000000000000e+17 2.023342700000000036e+02 1.695319856866751810e-09
4.659860000000000000e+17 2.018509799999999927e+02 1.692510708529514448e-09
4.675290000000000000e+17 2.014249599999999987e+02 1.689715478366699992e-09
4.690720000000000000e+17 2.010707600000000070e+02 1.686934051825250881e-09
4.706150000000000000e+17 2.007986500000000092e+02 1.684166315667733909e-09
4.721580000000000000e+17 2.006135099999999909e+02 1.681412157952976338e-09
4.737010000000000000e+17 2.005149499999999989e+02 1.678671468017050880e-09
4.752440000000000000e+17 2.004974499999999864e+02 1.675944136454598989e-09
4.767870000000000000e+17 2.005500299999999925e+02 1.673230055100486891e-09
4.783300000000000000e+17 2.006567699999999945e+02 1.670529117011788767e-09
4.798730000000000000e+17 2.007990900000000067e+02 1.667841216450086322e-09
4.814160000000000000e+17 2.009600800000000049e+02 1.665166248864083523e-09
4.829590000000000000e+17 2.011289400000000001e+02 1.662504110872524694e-09
4.845020000000000000e+17 2.013027199999999937e+02 1.659854700247413920e-09
4.860450000000000000e+17 2.014849499999999978e+02 1.657217915897525818e-09
4.875880000000000000e+17 2.016821700000000135e+02 1.654593657852205004e-09
4.891310000000000000e+17 2.019005099999999970e+02 1.651981827245446582e-09
4.906740000000000000e+17 2.021431699999999978e+02 1.649382326300251266e-09
4.922170000000000000e+17 2.024094699999999989e+02 1.646795058313251818e-09
4.937600000000000000e+17 2.026948399999999992e+02 1.644219927639602933e-09
4.953030000000000000e+17 2.029917900000000088e+02 1.641656839678130459e-09
4.968460000000000640e+17 2.032919500000000141e+02 1.639105700856735169e-09
4.983889999999999360e+17 2.035887600000000077e+02 1.636566418618043869e-09
4.999320000000000000e+17 2.038798099999999920e+02 1.634038901405305555e-09
5.014750000000000000e+17 2.041671299999999860e+02 1.631523058648525381e-09
5.030180000000000000e+17 2.044549000000000092e+02 1.629018800750834381e-09
5.045610000000000640e+17 2.047457699999999932e+02 1.626526039075086453e-09
5.061039999999999360e+17 2.050388199999999870e+02 1.624044685930682406e-09
5.076470000000000000e+17 2.053295699999999897e+02 1.621574654560611761e-09
5.091900000000000000e+17 2.056123499999999922e+02 1.619115859128714378e-09
5.107330000000000000e+17 2.058819699999999955e+02 1.616668214707150116e-09
5.122760000000000640e+17 2.061346100000000092e+02 1.614231637264079427e-09
5.138189999999999360e+17 2.063678099999999915e+02 1.611806043651544745e-09
5.153620000000000000e+17 2.065814200000000085e+02 1.609391351593553501e-09
5.169050000000000000e+17 2.067786299999999926e+02 1.606987479674357184e-09
5.184480000000000000e+17 2.069663199999999961e+02 1.604594347326920231e-09
5.199910000000000640e+17 2.071533100000000047e+02 1.602211874821579592e-09
5.215339999999999360e+17 2.073467699999999923e+02 1.599839983254887926e-09
5.230770000000000000e+17 2.075492700000000070e+02 1.597478594538636700e-09
5.246200000000000000e+17 2.077580600000000004e+02 1.595127631389060870e-09
