1.543000000000000000e+18 2.121854899999999873e+02 1.311559059994946665e+03
3.086000000000000000e+18 2.313920400000000086e+02 9.274123052490807595e+02
4.629000000000000000e+18 2.361314700000000073e+02 7.572289763461750454e+02
6.172000000000000000e+18 2.362951400000000035e+02 6.557795299974733325e+02
7.715000000000000000e+18 2.345860600000000034e+02 5.865470429308852545e+02
9.258000000000000000e+18 2.315301800000000014e+02 5.354417440853281960e+02
1.080100000000000000e+19 2.274638799999999890e+02 4.957227289314674863e+02
1.234400000000000000e+19 2.232337799999999959e+02 4.637061526245403797e+02
1.388700000000000000e+19 2.191582600000000127e+02 4.371863533316489452e+02
1.543000000000000000e+19 2.146003300000000138e+02 4.147513915413459245e+02
1.697300000000000205e+19 2.092814300000000003e+02 3.954499356722241714e+02
1.851600000000000000e+19 2.039521599999999921e+02 3.786144881730875227e+02
2.005900000000000000e+19 1.994751300000000072e+02 3.637610339700869986e+02
2.160200000000000000e+19 1.959689899999999909e+02 3.505289032157413658e+02
2.314500000000000000e+19 1.931942400000000077e+02 3.386430931285255497e+02
2.468800000000000000e+19 1.910166199999999890e+02 3.278897649987366663e+02
2.623100000000000000e+19 1.892074000000000069e+02 3.180997963879397616e+02
2.777400000000000000e+19 1.875791299999999922e+02 3.091374350830269577e+02
2.931700000000000000e+19 1.861461799999999869e+02 3.008922842633248820e+02
3.086000000000000000e+19 1.849617299999999886e+02 2.932735214654426272e+02
3.240300000000000000e+19 1.840371700000000033e+02 2.862056509919986524e+02
3.394600000000000410e+19 1.832872500000000002e+02 2.796253311336136562e+02
3.548899999999999590e+19 1.827133000000000038e+02 2.734789688960941021e+02
3.703200000000000000e+19 1.823502799999999979e+02 2.677208720426640980e+02
3.857500000000000000e+19 1.820535399999999981e+02 2.623118119989892989e+02
4.011800000000000000e+19 1.816804999999999950e+02 2.572178938516786388e+02
4.166100000000000000e+19 1.812204399999999964e+02 2.524096587820583579e+02
4.320400000000000000e+19 1.807515300000000025e+02 2.478613644657337431e+02
4.474700000000000000e+19 1.804460799999999949e+02 2.435504031849378919e+02
4.629000000000000000e+19 1.801707499999999982e+02 2.394568275531679262e+02
4.783300000000000000e+19 1.799507299999999930e+02 2.355629610963454184e+02
4.937600000000000000e+19 1.798028600000000097e+02 2.318530763122701899e+02
5.091900000000000000e+19 1.797336300000000051e+02 2.283131268113788224e+02
5.246200000000000000e+19 1.797385299999999972e+02 2.249305231199722357e+02
5.400500000000000000e+19 1.798023799999999994e+02 2.216939439764925908e+02
5.554800000000000000e+19 1.799020700000000090e+02 2.185931766658244726e+02
5.709100000000000000e+19 1.800120499999999879e+02 2.156189812543355799e+02
5.863400000000000000e+19 1.801113100000000031e+02 2.127629746093072924e+02
6.017700000000000000e+19 1.801881099999999947e+02 2.100175308833263443e+02
6.172000000000000000e+19 1.802406200000000069e+02 2.073756957706729622e+02
6.326299999999999181e+19 1.802744099999999889e+02 2.048311123384948189e+02
6.480600000000000000e+19 1.802996100000000013e+02 2.023779566303525712e+02
6.634900000000000000e+19 1.803291199999999890e+02 2.000108815560042501e+02
6.789200000000000819e+19 1.803770900000000097e+02 1.977249678361120857e+02
6.943500000000000000e+19 1.804553699999999878e+02 1.955156809769617325e+02
7.097799999999999181e+19 1.805681299999999965e+02 1.933788334183330448e+02
7.252100000000000000e+19 1.807085899999999867e+02 1.913105511351494954e+02
7.406400000000000000e+19 1.808618800000000135e+02 1.893072440865437613e+02
7.560700000000000000e+19 1.810136699999999905e+02 1.873655799992781112e+02
7.715000000000000000e+19 1.811587100000000135e+02 1.854824610498161519e+02
7.869300000000000000e+19 1.813019099999999924e+02 1.836550030737421366e+02
8.023600000000000000e+19 1.814516800000000103e+02 1.818805169850434993e+02
8.177900000000000000e+19 1.816121699999999919e+02 1.801564921329183449e+02
8.332200000000000000e+19 1.817819100000000105e+02 1.784805813617760748e+02
8.486500000000000000e+19 1.819596400000000074e+02 1.768505875722024427e+02
8.640800000000000000e+19 1.821514699999999891e+02 1.752644516078706829e+02
8.795100000000000000e+19 1.823726499999999930e+02 1.737202413165119879e+02
8.949400000000000000e+19 1.826428500000000099e+02 1.722161416527873143e+02
9.103700000000000000e+19 1.829794899999999984e+02 1.707504457077751567e+02
9.258000000000000000e+19 1.833934900000000141e+02 1.693215465642627748e+02
9.412300000000000000e+19 1.838895300000000077e+02 1.679279298894749104e+02
9.566600000000000000e+19 1.844696800000000110e+02 1.665681671876087080e+02
9.720900000000000000e+19 1.851376500000000078e+02 1.652409096438225049e+02
9.875200000000000000e+19 1.858997999999999990e+02 1.639448824993683331e+02
1.002950000000000000e+20 1.867612000000000023e+02 1.626788799045449423e+02
1.018380000000000000e+20 1.877183200000000056e+02 1.614417602022301139e+02
1.033810000000000000e+20 1.887545200000000136e+02 1.602324416000606391e+02
1.049240000000000000e+20 1.898436399999999935e+02 1.590498981939698808e+02
1.064670000000000000e+20 1.909612999999999943e+02 1.578931563098612116e+02
1.080100000000000000e+20 1.920956299999999999e+02 1.567612911337684807e+02
1.095530000000000000e+20 1.932500000000000000e+02 1.556534236039974530e+02
1.110960000000000000e+20 1.944362000000000137e+02 1.545687175415134789e+02
1.126390000000000000e+20 1.956632099999999923e+02 1.535063769972872194e+02
1.141820000000000000e+20 1.969282200000000103e+02 1.524656437974757637e+02
1.157250000000000000e+20 1.982132400000000132e+02 1.514457952692350204e+02
1.172680000000000000e+20 1.994875600000000020e+02 1.504461421316624410e+02
1.188110000000000000e+20 2.007145800000000122e+02 1.494660265378850283e+02
1.203540000000000000e+20 2.018598599999999976e+02 1.485048202556552042e+02
1.218970000000000000e+20 2.028971600000000137e+02 1.475619229750223838e+02
1.234400000000000000e+20 2.038103000000000122e+02 1.466367607327213136e+02
1.249830000000000000e+20 2.045919800000000066e+02 1.457287844438830007e+02
1.265259999999999836e+20 2.052412300000000016e+02 1.448374685325332223e+02
1.280690000000000164e+20 2.057613100000000088e+02 1.439623096531192061e+02
1.296120000000000000e+20 2.061583699999999908e+02 1.431028254959993262e+02
1.311550000000000000e+20 2.064404000000000110e+02 1.422585536704550861e+02
1.326980000000000000e+20 2.066163300000000049e+02 1.414290506593499686e+02
1.342409999999999836e+20 2.066962399999999889e+02 1.406138908400657783e+02
1.357840000000000164e+20 2.066930399999999963e+02 1.398126655668068281e+02
1.373270000000000000e+20 2.066253399999999942e+02 1.390249823097777835e+02
1.388700000000000000e+20 2.065186300000000017e+02 1.382504638471153271e+02
1.404130000000000000e+20 2.064027900000000102e+02 1.374887475057955442e+02
1.419559999999999836e+20 2.063058499999999924e+02 1.367394844480470510e+02
1.434990000000000164e+20 2.062480899999999906e+02 1.360023390000803261e+02
1.450420000000000000e+20 2.062395199999999988e+02 1.352769880201999513e+02
1.465850000000000000e+20 2.062819399999999916e+02 1.345631203035969179e+02
1.481280000000000000e+20 2.063727299999999900e+02 1.338604360213320490e+02
1.496710000000000000e+20 2.065078399999999874e+02 1.331686461912123605e+02
1.512140000000000000e+20 2.066829500000000053e+02 1.324874721784401004e+02
1.527570000000000000e+20 2.068944999999999936e+02 1.318166452240747049e+02
1.543000000000000000e+20 2.071416800000000080e+02 1.311559059994946494e+02
1.558430000000000000e+20 2.074287300000000016e+02 1.305050041851826279e+02
1.573860000000000000e+20 2.077652300000000025e+02 1.298636980722793055e+02
1.589290000000000000e+20 2.081633500000000083e+02 1.292317541854659737e+02
1.604720000000000000e+20 2.086326099999999997e+02 1.286089469258393194e+02
1.620150000000000000e+20 2.091756699999999967e+02 1.279950582325378150e+02
1.635580000000000000e+20 2.097868200000000058e+02 1.273898772619674702e+02
1.651010000000000000e+20 2.104536099999999976e+02 1.267932000835545807e+02
1.666440000000000000e+20 2.111610300000000109e+02 1.262048293910291790e+02
1.681870000000000000e+20 2.118957499999999925e+02 1.256245742283105216e+02
1.697300000000000000e+20 2.126492200000000139e+02 1.250522497291296986e+02
1.712730000000000000e+20 2.134173399999999958e+02 1.244876768695835239e+02
1.728160000000000000e+20 2.141981000000000108e+02 1.239306822328668716e+02
1.743590000000000000e+20 2.149904600000000130e+02 1.233810977854820976e+02
1.759020000000000000e+20 2.157967800000000125e+02 1.228387606642690884e+02
1.774450000000000000e+20 2.166271399999999971e+02 1.223035129736434072e+02
1.789880000000000000e+20 2.175001800000000003e+02 1.217752015924689459e+02
1.805310000000000000e+20 2.184368100000000084e+02 1.212536779900290043e+02
1.820740000000000000e+20 2.194496300000000133e+02 1.207387980505932319e+02
1.836170000000000000e+20 2.205349300000000028e+02 1.202304219061101378e+02
1.851600000000000000e+20 2.216728999999999985e+02 1.197284137765839631e+02
1.867030000000000000e+20 2.228346099999999979e+02 1.192326418177224241e+02
1.882460000000000000e+20 2.239913500000000113e+02 1.187429779754668289e+02
1.897890000000000000e+20 2.251215100000000007e+02 1.182592978470404574e+02
1.913320000000000000e+20 2.262129799999999875e+02 1.177814805481727092e+02
1.928750000000000000e+20 2.272605100000000107e+02 1.173094085861770424e+02
1.944180000000000000e+20 2.282595100000000059e+02 1.168429677385804695e+02
1.959610000000000000e+20 2.292003200000000049e+02 1.163820469370195383e+02
1.975040000000000000e+20 2.300671499999999980e+02 1.159265381561350949e+02
1.990470000000000000e+20 2.308426399999999887e+02 1.154763363072134155e+02
2.005900000000000000e+20 2.315146900000000016e+02 1.150313391363357027e+02
2.021330000000000000e+20 2.320813100000000020e+02 1.145914471268122554e+02
2.036760000000000000e+20 2.325508000000000095e+02 1.141565634056894112e+02
2.052190000000000000e+20 2.329380600000000072e+02 1.137265936541301841e+02
2.067620000000000000e+20 2.332592300000000023e+02 1.133014460214803449e+02
2.083050000000000000e+20 2.335263099999999952e+02 1.128810310428418404e+02
2.098480000000000000e+20 2.337439599999999871e+02 1.124652615599861178e+02
2.113910000000000000e+20 2.339092300000000080e+02 1.120540526454479391e+02
2.129340000000000000e+20 2.340143300000000011e+02 1.116473215296503980e+02
2.144770000000000000e+20 2.340515699999999981e+02 1.112449875309182659e+02
2.160200000000000000e+20 2.340187799999999925e+02 1.108469719882462954e+02
2.175630000000000000e+20 2.339231399999999894e+02 1.104531981966942311e+02
2.191060000000000000e+20 2.337806099999999958e+02 1.100635913452888133e+02
2.206490000000000000e+20 2.336107599999999991e+02 1.096780784573184917e+02
2.221920000000000000e+20 2.334292299999999898e+02 1.092965883329122363e+02
2.237350000000000000e+20 2.332429400000000044e+02 1.089190514938004952e+02
2.252780000000000000e+20 2.330504799999999932e+02 1.085454001301604450e+02
2.268210000000000000e+20 2.328464400000000012e+02 1.081755680494535738e+02
2.283640000000000000e+20 2.326263299999999958e+02 1.078094906271677900e+02
2.299070000000000000e+20 2.323889499999999941e+02 1.074471047593807782e+02
2.314500000000000000e+20 2.321365499999999997e+02 1.070883488170656364e+02
2.329930000000000000e+20 2.318732300000000066e+02 1.067331626020638424e+02
2.345360000000000000e+20 2.316029399999999896e+02 1.063814873046536462e+02
2.360790000000000000e+20 2.313281399999999906e+02 1.060332654626465825e+02
2.376220000000000000e+20 2.310494799999999884e+02 1.056884409219469632e+02
2.391650000000000000e+20 2.307667500000000018e+02 1.053469587985133415e+02
2.407080000000000000e+20 2.304799700000000087e+02 1.050087654416631722e+02
2.422510000000000000e+20 2.301901599999999917e+02 1.046738083986650167e+02
2.437940000000000000e+20 2.298994399999999985e+02 1.043420363805653324e+02
2.453370000000000000e+20 2.296103500000000111e+02 1.040133992291990950e+02
2.468800000000000000e+20 2.293252300000000048e+02 1.036878478853364811e+02
2.484230000000000328e+20 2.290455300000000136e+02 1.033653343579190391e+02
2.499660000000000000e+20 2.287716800000000035e+02 1.030458116943423050e+02
2.515090000000000000e+20 2.285030399999999986e+02 1.027292339517424438e+02
2.530519999999999672e+20 2.282381100000000060e+02 1.024155561692474095e+02
2.545950000000000000e+20 2.279745200000000125e+02 1.021047343411545540e+02
2.561380000000000328e+20 2.277088500000000124e+02 1.017967253909981622e+02
2.576810000000000000e+20 2.274368000000000052e+02 1.014914871464723660e+02
2.592240000000000000e+20 2.271543299999999874e+02 1.011889783151762856e+02
2.607669999999999672e+20 2.268589299999999866e+02 1.008891584611497478e+02
2.623100000000000000e+20 2.265501399999999990e+02 1.005919879821692007e+02
2.638530000000000328e+20 2.262274500000000046e+02 1.002974280877749464e+02
2.653960000000000000e+20 2.258872800000000041e+02 1.000054407780021251e+02
2.669390000000000000e+20 2.255215800000000002e+02 9.971598882278871656e+01
2.684819999999999672e+20 2.251206099999999992e+02 9.942903574203548089e+01
2.700250000000000000e+20 2.246795500000000061e+02 9.914454578629350578e+01
2.715680000000000328e+20 2.242037400000000105e+02 9.886248391805604285e+01
2.731110000000000000e+20 2.237092000000000098e+02 9.858281579363257663e+01
2.746540000000000000e+20 2.232173799999999915e+02 9.830550774558368232e+01
2.761969999999999672e+20 2.227472699999999861e+02 9.803052676569649293e+01
2.777400000000000000e+20 2.223086999999999875e+02 9.775784048848086627e+01
2.792830000000000328e+20 2.218990000000000009e+02 9.748741717516799099e+01
2.808260000000000000e+20 2.215051100000000019e+02 9.721922569819304272e+01
2.823690000000000000e+20 2.211100800000000106e+02 9.695323552614493678e+01
2.839119999999999672e+20 2.207003799999999956e+02 9.668941670916652242e+01
2.854550000000000000e+20 2.202689100000000053e+02 9.642773986478945858e+01
2.869980000000000328e+20 2.198122899999999902e+02 9.616817616418846626e+01
2.885410000000000000e+20 2.193268099999999947e+02 9.591069731884054761e+01
2.900840000000000000e+20 2.188100900000000024e+02 9.565527556757474770e+01
2.916269999999999672e+20 2.182689399999999864e+02 9.540188366399955555e+01
2.931700000000000000e+20 2.177266999999999939e+02 9.515049486429458625e+01
2.947130000000000328e+20 2.172196999999999889e+02 9.490108291535432272e+01
2.962560000000000000e+20 2.167816200000000038e+02 9.465362204327188067e+01
2.977990000000000328e+20 2.164270300000000020e+02 9.440808694215147057e+01
2.993420000000000000e+20 2.161470300000000009e+02 9.416445276323834435e+01
3.008849999999999672e+20 2.159202600000000132e+02 9.392269510435583868e+01
3.024280000000000000e+20 2.157287800000000004e+02 9.368278999963905562e+01
3.039709999999999672e+20 2.155663499999999999e+02 9.344471390955575885e+01
3.055140000000000000e+20 2.154353000000000122e+02 9.320844371120456628e+01
3.070569999999999672e+20 2.153385499999999979e+02 9.297395668888182740e+01
3.086000000000000000e+20 2.152742599999999982e+02 9.274123052490807595e+01
3.101430000000000328e+20 2.152360099999999932e+02 9.251024329070600061e+01
3.116860000000000000e+20 2.152155300000000011e+02 9.228097343812140707e+01
3.132290000000000328e+20 2.152051700000000096e+02 9.205339979097986713e+01
3.147720000000000000e+20 2.151983799999999860e+02 9.182750153687106831e+01
3.163150000000000328e+20 2.151886100000000113e+02 9.160325821915405697e+01
3.178580000000000000e+20 2.151679699999999968e+02 9.138064972917598539e+01
3.194009999999999672e+20 2.151273500000000070e+02 9.115965629869803877e+01
3.209440000000000000e+20 2.150592000000000041e+02 9.094025849252174964e+01
3.224869999999999672e+20 2.149621999999999957e+02 9.072243720130974509e+01
3.240300000000000000e+20 2.148444399999999916e+02 9.050617363459451781e+01
3.255730000000000328e+20 2.147217300000000080e+02 9.029144931396990614e+01
3.271160000000000000e+20 2.146112099999999998e+02 9.007824606645917243e+01
3.286590000000000328e+20 2.145239400000000103e+02 8.986654601805477682e+01
3.302020000000000000e+20 2.144610399999999970e+02 8.965633158742416242e+01
3.317449999999999672e+20 2.144144400000000132e+02 8.944758547977690455e+01
3.332880000000000000e+20 2.143699599999999919e+02 8.924029068088803740e+01
3.348309999999999672e+20 2.143104199999999935e+02 8.903443045127329469e+01
3.363740000000000000e+20 2.142180899999999895e+02 8.882998832051114846e+01
3.379169999999999672e+20 2.140785999999999945e+02 8.862694808170795113e+01
3.394600000000000000e+20 2.138865999999999872e+02 8.842529378610122137e+01
3.410030000000000328e+20 2.136506300000000067e+02 8.822500973779780509e+01
3.425460000000000000e+20 2.133922300000000121e+02 8.802608048864222212e+01
3.440890000000000328e+20 2.131369500000000130e+02 8.782849083321190164e+01
3.456320000000000000e+20 2.129021600000000092e+02 8.763222580393534145e+01
3.471750000000000328e+20 2.126898199999999974e+02 8.743727066632978051e+01
3.487180000000000000e+20 2.124892000000000110e+02 8.724361091435491744e+01
3.502609999999999672e+20 2.122861499999999921e+02 8.705123226587923568e+01
3.518040000000000000e+20 2.120715899999999863e+02 8.686012065825599393e+01
3.533469999999999672e+20 2.118443499999999915e+02 8.667026224400538581e+01
3.548900000000000000e+20 2.116091499999999996e+02 8.648164338660014039e+01
3.564330000000000328e+20 2.113734000000000037e+02 8.629425065635165026e+01
3.579760000000000000e+20 2.111445500000000095e+02 8.610807082639365717e+01
3.595190000000000328e+20 2.109285000000000139e+02 8.592309086876079505e+01
3.610620000000000000e+20 2.107281199999999899e+02 8.573929795055953207e+01
3.626049999999999672e+20 2.105420399999999859e+02 8.555667943022875477e+01
3.641480000000000000e+20 2.103649599999999964e+02 8.537522285388757837e+01
3.656909999999999672e+20 2.101905099999999891e+02 8.519491595176799592e+01
3.672340000000000000e+20 2.100151400000000024e+02 8.501574663473010673e+01
3.687769999999999672e+20 2.098402700000000038e+02 8.483770299085763611e+01
3.703200000000000000e+20 2.096702300000000037e+02 8.466077328213138742e+01
3.718630000000000328e+20 2.095075999999999965e+02 8.448494594117899226e+01
3.734060000000000000e+20 2.093510400000000118e+02 8.431020956809824440e+01
3.749490000000000328e+20 2.091982600000000048e+02 8.413655292735278124e+01
3.764920000000000000e+20 2.090522599999999898e+02 8.396396494473745520e+01
3.780350000000000328e+20 2.089253999999999962e+02 8.379243470441217312e+01
3.795780000000000000e+20 2.088374200000000087e+02 8.362195144600198660e+01
3.811209999999999672e+20 2.088087600000000066e+02 8.345250456176185594e+01
3.826640000000000000e+20 2.088532899999999870e+02 8.328408359380435400e+01
3.842069999999999672e+20 2.089734599999999887e+02 8.311667823138864719e+01
3.857500000000000000e+20 2.091601599999999905e+02 8.295027830826919057e+01
3.872930000000000328e+20 2.093965599999999938e+02 8.278487380010261631e+01
3.888360000000000000e+20 2.096648900000000140e+02 8.262045482191125245e+01
3.903790000000000328e+20 2.099525899999999865e+02 8.245701162560172293e+01
3.919220000000000000e+20 2.102554599999999994e+02 8.229453459753757727e+01
3.934649999999999672e+20 2.105765100000000132e+02 8.213301425616407414e+01
3.950080000000000000e+20 2.109222300000000132e+02 8.197244124968416656e+01
3.965509999999999672e+20 2.112983600000000024e+02 8.181280635378438149e+01
3.980940000000000000e+20 2.117064200000000085e+02 8.165410046940893096e+01
3.996369999999999672e+20 2.121425500000000000e+02 8.149631462058140130e+01
4.011800000000000000e+20 2.125983999999999980e+02 8.133943995227247115e+01
4.027230000000000328e+20 2.130634799999999984e+02 8.118346772831262115e+01
4.042660000000000000e+20 2.135271500000000060e+02 8.102838932934865568e+01
4.058090000000000328e+20 2.139794300000000078e+02 8.087419625084307029e+01
4.073520000000000000e+20 2.144110900000000015e+02 8.072088010111505696e+01
4.088950000000000328e+20 2.148138399999999990e+02 8.056843259942230873e+01
4.104380000000000000e+20 2.151816399999999874e+02 8.041684557408242995e+01
4.119809999999999672e+20 2.155115999999999872e+02 8.026611096063317063e+01
4.135240000000000000e+20 2.158034700000000043e+02 8.011622080003031954e+01
4.150669999999999672e+20 2.160568199999999877e+02 7.996716723688264494e+01
4.166100000000000000e+20 2.162672699999999963e+02 7.981894251772264681e+01
4.181530000000000328e+20 2.164242600000000039e+02 7.967153898931265132e+01
4.196960000000000000e+20 2.165116700000000094e+02 7.952494909698494041e+01
4.212390000000000328e+20 2.165119899999999973e+02 7.937916538301554681e+01
4.227820000000000000e+20 2.164126699999999914e+02 7.923418048503063460e+01
4.243249999999999672e+20 2.162126800000000060e+02 7.908998713444483997e+01
4.258680000000000000e+20 2.159256100000000060e+02 7.894657815493060582e+01
4.274109999999999672e+20 2.155771300000000110e+02 7.880394646091821187e+01
4.289540000000000000e+20 2.151967500000000086e+02 7.866208505612523538e+01
4.304969999999999672e+20 2.148079799999999864e+02 7.852098703211514419e+01
4.320400000000000000e+20 2.144213900000000024e+02 7.838064556688424034e+01
4.335830000000000328e+20 2.140329600000000028e+02 7.824105392347631494e+01
4.351260000000000000e+20 2.136280199999999923e+02 7.810220544862423253e+01
4.366690000000000328e+20 2.131895000000000095e+02 7.796409357141799035e+01
4.382120000000000000e+20 2.127064699999999959e+02 7.782671180199872651e+01
4.397550000000000328e+20 2.121783800000000042e+02 7.769005373027768258e+01
4.412980000000000000e+20 2.116127799999999866e+02 7.755411302468010604e+01
4.428409999999999672e+20 2.110190000000000055e+02 7.741888343091301294e+01
4.443840000000000000e+20 2.104030500000000075e+02 7.728435877075673943e+01
4.459269999999999672e+20 2.097672900000000027e+02 7.715053294087923064e+01
4.474700000000000000e+20 2.091132000000000062e+02 7.701739991167308119e+01
4.490130000000000328e+20 2.084447299999999927e+02 7.688495372611447465e+01
4.505560000000000000e+20 2.077692299999999932e+02 7.675318849864360971e+01
4.520990000000000328e+20 2.070962700000000041e+02 7.662209841406615851e+01
4.536420000000000000e+20 2.064351699999999994e+02 7.649167772647544439e+01
4.551849999999999672e+20 2.057923600000000022e+02 7.636192075819450054e+01
4.567280000000000000e+20 2.051701999999999941e+02 7.623282189873788184e+01
4.582709999999999672e+20 2.045674099999999953e+02 7.610437560379294553e+01
4.598140000000000000e+20 2.039812799999999982e+02 7.597657639421950648e+01
4.613569999999999672e+20 2.034107099999999946e+02 7.584941885506836456e+01
4.629000000000000000e+20 2.028587799999999959e+02 7.572289763461751022e+01
4.644430000000000328e+20 2.023342700000000036e+02 7.559700744342610790e+01
4.659860000000000000e+20 2.018509799999999927e+02 7.547174305340574563e+01
4.675290000000000328e+20 2.014249599999999987e+02 7.534709929690843921e+01
4.690720000000000000e+20 2.010707600000000070e+02 7.522307106583122049e+01
4.706150000000000328e+20 2.007986500000000092e+02 7.509965331073691175e+01
4.721580000000000000e+20 2.006135099999999909e+02 7.497684103999074523e+01
4.737009999999999672e+20 2.005149499999999989e+02 7.485462931891221672e+01
4.752440000000000000e+20 2.004974499999999864e+02 7.473301326894251417e+01
4.767869999999999672e+20 2.005500299999999925e+02 7.461198806682634199e+01
4.783300000000000000e+20 2.006567699999999945e+02 7.449154894380860981e+01
4.798730000000000328e+20 2.007990900000000067e+02 7.437169118484520425e+01
4.814160000000000000e+20 2.009600800000000049e+02 7.425241012782760208e+01
4.829590000000000328e+20 2.011289400000000001e+02 7.413370116282131050e+01
4.845020000000000000e+20 2.013027199999999937e+02 7.401555973131742405e+01
4.860449999999999672e+20 2.014849499999999978e+02 7.389798132549752552e+01
4.875880000000000000e+20 2.016821700000000135e+02 7.378096148751119188e+01
4.891309999999999672e+20 2.019005099999999970e+02 7.366449580876604841e+01
4.906740000000000000e+20 2.021431699999999978e+02 7.354857992923029997e+01
4.922169999999999672e+20 2.024094699999999989e+02 7.343320953674707141e+01
4.937600000000000000e+20 2.026948399999999992e+02 7.331838036636065681e+01
4.953030000000000328e+20 2.029917900000000088e+02 7.320408819965430780e+01
4.968460000000000655e+20 2.032919500000000141e+02 7.309032886409939067e+01
4.983889999999999672e+20 2.035887600000000077e+02 7.297709823241547156e+01
4.999320000000000000e+20 2.038798099999999920e+02 7.286439222194150034e+01
5.014750000000000328e+20 2.041671299999999860e+02 7.275220679401739687e+01
5.030180000000000000e+20 2.044549000000000092e+02 7.264053795337639485e+01
5.045610000000000328e+20 2.047457699999999932e+02 7.252938174754719114e+01
5.061039999999999345e+20 2.050388199999999870e+02 7.241873426626661114e+01
5.076469999999999672e+20 2.053295699999999897e+02 7.230859164090159652e+01
5.091900000000000000e+20 2.056123499999999922e+02 7.219895004388133941e+01
5.107330000000000328e+20 2.058819699999999955e+02 7.208980568813845480e+01
5.122760000000000655e+20 2.061346100000000092e+02 7.198115482655960307e+01
5.138189999999999672e+20 2.063678099999999915e+02 7.187299375144520752e+01
5.153620000000000000e+20 2.065814200000000085e+02 7.176531879397794000e+01
5.169049999999999672e+20 2.067786299999999926e+02 7.165812632370015933e+01
5.184480000000000000e+20 2.069663199999999961e+02 7.155141274799966311e+01
5.199910000000000328e+20 2.071533100000000047e+02 7.144517451160403709e+01
5.215339999999999345e+20 2.073467699999999923e+02 7.133940809608313316e+01
5.230769999999999672e+20 2.075492700000000070e+02 7.123411001935961906e+01
5.246200000000000000e+20 2.077580600000000004e+02 7.112927683522754307e+01
